   1.0040935e+00   9.2353488e-01   2.9219868e-03
   9.8827284e-01   8.7033497e-01  -5.1515580e-03
   8.8444829e-01   7.5874620e-01   2.5165727e-03
   7.5682458e-01   6.6492009e-01   4.0766024e-03
   6.3844173e-01   6.1004220e-01  -9.3194990e-04
   4.8768038e-01   6.0413980e-01   5.0625296e-03
   7.3812286e-01   5.9893917e-01   7.2267124e-04
   5.9422828e-01   5.9680688e-01   1.0326111e-03
   5.5819548e-01   5.6371668e-01   1.2594655e-02
   5.1938244e-01   5.3191451e-01   1.1878308e-02
   4.6040216e-01   4.9904617e-01   1.9416323e-03
   5.5844969e-01   4.6260947e-01   1.0248484e-02
   4.5879881e-01   4.0874841e-01   5.3621957e-03
   5.3572126e-01   3.5420831e-01   6.2721615e-03
   2.1290083e-01   2.9119600e-01   4.9623916e-03
   1.5616593e-01   2.8846790e-01   9.6924448e-03
   2.8261969e-01   3.3511664e-01   6.6073086e-03
   2.5728501e-01   3.2197323e-01   4.9207315e-03
   1.7434509e-01   2.4662201e-01   9.9080814e-03
   2.2634836e-01   1.3014790e-01   9.3918436e-03
   4.8105479e-02   9.0179428e-02   8.9895552e-03
   2.0055453e-01   1.1345960e-01   1.5337172e-02
   6.9556499e-02   1.1708544e-01   1.2014255e-02
   2.6017555e-01   9.2592559e-02   1.2102072e-02
   2.1557981e-01   1.3410943e-01   1.5865028e-02
   1.7148047e-01   2.0072949e-01   1.0952117e-02
   2.1563908e-01   2.4752481e-01   1.2886367e-02
   2.1265030e-01   2.7743702e-01   7.2355163e-03
   3.3423880e-01   2.5112936e-01   5.5999290e-03
   4.3957287e-01   2.2831049e-01   1.0171298e-02
   9.1713116e-02   2.4845753e-01   6.8353036e-04
   3.1161575e-01   2.4703021e-01   6.5786941e-03
   3.5497773e-01   2.3084406e-01   9.3682835e-03
   2.5218088e-01   2.1969782e-01   7.9657181e-03
   2.7342294e-01   2.1988964e-01   1.4333980e-02
   1.2630194e-01   2.2206105e-01   1.1769518e-02
   2.7565617e-01   2.0232856e-01   1.1051952e-02
   1.9114139e-01   1.7812168e-01   2.7695255e-03
   1.6170768e-01   1.6729936e-01   7.7731389e-03
   2.4417595e-01   1.6179201e-01   1.1239667e-02
   2.4821795e-01   2.0438635e-01   9.6145771e-03
   1.9626907e-01   2.4683692e-01   8.6829724e-03
   2.8395441e-01   2.3883091e-01   7.8824034e-03
   2.2055877e-01   1.9545264e-01   1.9150724e-03
   3.3633845e-01   2.0926343e-01   5.2918576e-03
   1.2519846e-01   1.5146501e-01  -1.7290347e-04
   1.5062022e-01   1.5228977e-01   5.0788308e-03
   2.4821825e-01   1.1906023e-01   5.3576440e-03
   8.6739926e-02   1.1529618e-01  -5.0481214e-03
   2.2324530e-02   7.8949557e-02  -1.4159757e-03
  -3.5618606e-02  -1.0104018e-02   1.6409766e-03
  -6.9573370e-03   1.5579500e-02   4.9669842e-04
   1.1071705e-01   3.3371634e-02  -1.6356024e-03
  -8.4558649e-02   1.2200740e-02  -1.4565078e-03
   5.2965626e-03   7.1349526e-02   1.0992518e-03
  -2.1769975e-01   5.5203467e-02  -1.4147531e-03
   1.4124197e-01   6.0474619e-02  -7.0299702e-03
   3.1546887e-02   2.8064573e-03  -1.4943347e-03
   4.9526299e-02  -1.5625362e-02  -8.4352705e-04
   6.1526823e-02  -2.1672105e-02  -2.2945532e-04
   2.6651397e-02   1.4045295e-02  -6.3125001e-03
  -4.0164682e-02   2.1446478e-03  -5.2918166e-03
   7.6695961e-02   1.0837214e-02  -1.1749605e-02
  -1.8224873e-01  -3.0150035e-02  -1.1781440e-02
   1.2408125e-01  -5.2566999e-03  -5.5204098e-03
  -3.1045258e-02   1.7947822e-02  -3.6448727e-03
   1.1309434e-01   3.8990491e-02  -5.3202012e-03
  -3.8851944e-02   2.1398380e-02  -8.8378544e-03
   2.7262536e-02   1.5252845e-02  -5.3750080e-03
  -4.4473723e-02   4.3597581e-02  -5.6767765e-03
   2.5986441e-02   2.4708831e-02  -8.3057752e-03
   2.8765894e-01   2.0991974e-02  -1.4924725e-02
   1.5247431e-01  -1.1251576e-03  -1.0209691e-02
  -3.8138135e-02  -6.1129414e-02  -1.0053565e-02
  -2.3725665e-01  -1.0320137e-01  -1.5985625e-02
  -2.0302753e-01  -1.3187016e-01  -1.0156593e-02
  -5.2804416e-02  -2.1486951e-01  -1.4290049e-02
  -2.7888530e-01  -2.6593627e-01  -9.9343463e-03
  -2.4341140e-01  -3.0393264e-01  -1.0921853e-02
  -3.6362117e-01  -3.3180813e-01  -1.3466857e-02
  -4.6799805e-01  -3.4213004e-01  -9.1467964e-03
  -2.5308947e-01  -3.2164074e-01  -1.1490191e-02
  -1.8282921e-01  -2.9620259e-01  -1.0316473e-02
  -2.6154482e-01  -2.9833760e-01  -8.1463597e-03
  -2.8764650e-01  -3.1496091e-01  -1.3380119e-02
  -3.6554112e-01  -3.0775124e-01  -4.1016039e-03
  -1.5365676e-01  -2.9286194e-01  -1.0424680e-02
  -4.4124982e-01  -3.1745353e-01  -6.6828647e-03
  -2.0408647e-01  -2.9817887e-01  -6.2035300e-03
  -2.1091905e-01  -2.9125508e-01  -9.4535526e-03
  -1.5379604e-01  -3.3846302e-01  -7.3923620e-03
  -3.7589341e-01  -3.3285236e-01  -6.3078141e-03
  -4.9953553e-01  -3.4745460e-01  -3.0768501e-03
  -3.1914836e-01  -3.6324434e-01  -2.2317325e-03
  -4.1838790e-01  -2.8231074e-01  -1.1278790e-03
  -2.8850812e-01  -2.6256601e-01  -4.1756802e-03
  -3.3017846e-01  -2.2830100e-01  -5.5745007e-03
  -1.1839809e-01  -1.7223738e-01  -1.0710438e-03
  -1.8980230e-01  -1.4436835e-01   4.9497630e-03
  -1.1456051e-01  -9.9490780e-02  -3.6266358e-03
  -1.6438746e-01  -1.5128196e-01   3.8558106e-03
  -1.0592754e-01  -9.4621532e-02  -4.4480396e-04
  -3.2929323e-01  -1.0277669e-01   2.8722277e-03
  -1.4043489e-01  -8.6838429e-02   5.2411395e-05
  -1.6134729e-01  -1.0207828e-01   3.4415879e-03
  -1.9503026e-01  -1.1330620e-01   6.9610849e-04
  -6.2395504e-02  -1.7509480e-01   4.6577224e-03
  -2.2360679e-01  -1.6766250e-01   9.7263236e-03
   3.3784096e-02  -1.4900921e-01   6.2988369e-03
  -1.0909374e-01  -1.4463500e-01   1.6511594e-03
  -1.2734693e-01  -1.2013730e-01   6.0270065e-03
  -8.9338043e-02  -1.1113379e-01   2.1097587e-03
  -5.8030710e-03  -7.1065943e-02   9.2143071e-03
   4.3493392e-02   2.7819710e-04   6.8881449e-03
   4.9098267e-02   5.1455063e-02   9.5733889e-03
  -1.0706779e-01   4.8316502e-02   3.3783615e-03
   1.7125017e-01   6.0098828e-02   6.7787387e-03
   2.8929706e-01   1.1664997e-01   9.7987303e-03
   2.2593452e-01   1.3529578e-01   7.1517372e-03
   1.4211470e-01   1.3911082e-01   5.5158426e-03
   1.4737177e-01   1.5793321e-01   6.3933969e-03
   2.8139925e-01   1.9627233e-01   1.2084911e-02
  -5.4577736e-05   2.1409561e-01   7.2171814e-03
   2.4883515e-01   2.1214299e-01   1.0695493e-02
   2.0691809e-01   2.1380788e-01   4.3929619e-03
   3.1164650e-01   2.1921196e-01   1.2205910e-02
   9.0021726e-02   2.3536694e-01   1.0088280e-02
   2.6419086e-01   2.2287313e-01   6.1884687e-03
   2.7129539e-01   2.0143793e-01   9.1214443e-03
  -2.6240111e-02   1.1288500e-01   1.2903685e-02
  -7.7232353e-02   1.0610609e-01   8.0059043e-03
   1.3878407e-01   1.0126731e-01   1.1620647e-02
   1.2053522e-01   1.3637712e-01   1.5472836e-02
   3.4130433e-02   1.0735626e-01   5.4648071e-03
   1.3570245e-02   1.1239193e-01   8.5566881e-03
   2.3909997e-02   1.0721610e-01   7.1731900e-03
  -2.3406435e-02   2.5148924e-02   3.5549793e-03
   6.7574956e-02   1.4902051e-02   4.0216114e-03
   4.1818110e-02   3.3162309e-02   1.1260257e-02
   1.6615685e-01   5.6052548e-02   1.2478566e-02
  -6.0892465e-02   3.2074527e-02   1.2846270e-03
  -2.5281228e-02   8.2084569e-02   2.8009008e-03
   1.7878440e-02   1.0175315e-01   1.1729036e-02
  -6.8735552e-02   9.6615272e-02   8.8975340e-03
   1.9828617e-01   1.7028793e-01   1.3066932e-03
   4.0702211e-02   1.5713236e-01  -6.0536606e-04
   1.4432663e-01   1.2205665e-01   2.7674665e-03
   1.5950030e-01   1.3596952e-01  -1.1800109e-03
   7.6049697e-02   1.5614664e-01   6.5528805e-04
   2.6918312e-01   1.0723242e-01   3.4183114e-03
   1.1113162e-01   1.0439532e-01  -1.2456678e-04
   1.9769278e-01   9.8478711e-02  -6.7546488e-04
   4.1434805e-01   1.2151009e-01  -1.8173844e-03
   1.9334354e-01   1.4287677e-01  -7.1299188e-03
   2.2683454e-01   1.1107544e-01  -1.3514808e-03
   1.8122673e-02   8.3441787e-02  -4.9289520e-03
  -9.8247375e-02   5.6735278e-02  -8.9863363e-03
   1.8477407e-01   6.9880453e-02  -8.0025278e-03
   8.7568985e-02   4.7646742e-02  -2.9295302e-03
   6.2745463e-02  -6.5624188e-04  -6.8845670e-03
   1.1396203e-01  -2.8187852e-02  -1.7081864e-03
   1.1498731e-01  -3.7053310e-02  -1.1193620e-02
  -3.0279865e-01  -5.7602776e-02  -1.1901175e-02
  -2.5304316e-01  -1.1413922e-01  -9.5154265e-03
  -1.7905150e-01  -1.3335667e-01  -1.1925738e-02
  -2.2726215e-01  -1.9408030e-01  -1.9699351e-03
  -2.3225221e-01  -1.6837044e-01  -8.2188099e-03
  -1.9640489e-01  -1.4590338e-01  -7.6574651e-03
  -3.4020495e-02  -1.6656996e-01  -1.1563710e-02
  -3.2198702e-01  -2.2287212e-01  -1.0266790e-02
   6.2168186e-02  -2.2736223e-01  -1.4447584e-02
  -1.2815505e-01  -2.1246477e-01  -5.6511614e-03
  -9.8290776e-02  -2.0802614e-01  -7.5300269e-03
  -2.3500582e-01  -2.1026330e-01  -1.4069984e-02
  -2.2483438e-01  -1.7964888e-01  -1.0017409e-02
  -2.2387358e-02  -1.1966640e-01  -1.4903670e-02
  -1.2292443e-01  -1.0781269e-01  -1.1357358e-02
  -1.1990628e-01  -9.8128454e-02  -6.0713247e-03
  -1.1643315e-01  -6.4516315e-02  -2.6071778e-03
  -1.1074675e-01  -3.3304336e-02  -9.4684383e-03
  -2.2472651e-02  -5.8179227e-02  -8.1831318e-03
  -2.0048777e-01  -4.6747663e-02  -3.5121075e-03
   2.5789588e-01  -3.9168158e-02  -1.2171505e-02
  -6.0327490e-02  -1.3230214e-01  -1.1499673e-02
  -7.9237795e-02  -1.1800727e-01  -6.0989384e-03
  -4.1530268e-01  -1.8480956e-01  -1.0809289e-02
  -8.0929717e-02  -1.6642390e-01  -3.6458509e-03
  -1.8006555e-01  -1.8799314e-01  -1.0450972e-02
  -2.3361994e-01  -2.3900671e-01  -9.6714397e-03
  -2.8690201e-01  -2.1130262e-01  -2.3470110e-03
  -6.1180649e-02  -2.2584045e-01  -3.8838565e-03
  -1.0786732e-01  -1.9930277e-01  -5.6297899e-03
  -1.4768654e-01  -2.2433824e-01  -1.2069790e-03
  -2.3083802e-01  -2.1105303e-01  -2.1433927e-03
  -1.7093414e-01  -1.9134392e-01  -5.6119890e-03
  -2.0555294e-01  -2.0841964e-01  -3.6892009e-03
  -3.4725097e-01  -1.6806809e-01  -5.2860004e-03
  -3.4901125e-01  -1.6364594e-01   3.7236686e-04
  -1.4835484e-01  -1.7692684e-01   1.8384842e-03
  -1.5539271e-01  -1.1944454e-01  -3.1853145e-03
  -1.1128689e-01  -4.1957242e-02   1.0627231e-03
   8.3312619e-02   3.7440130e-04  -2.0772760e-03
  -2.1477799e-02  -2.9784341e-02  -5.6766966e-04
  -2.5625723e-01  -4.9238896e-02   7.7790836e-03
  -1.2816144e-01  -7.1084152e-02  -1.7660289e-03
  -1.1261288e-01  -8.8302726e-02   5.1231441e-03
  -1.8460903e-01  -1.1796660e-01   1.0996812e-03
  -1.1002811e-01  -1.2299099e-01   3.3303398e-03
  -7.2836073e-02  -1.7531837e-01   2.9574781e-03
  -1.5085285e-01  -1.3331960e-01   3.9798370e-03
  -1.6421345e-02  -1.0552143e-01   1.2949787e-02
  -1.5507112e-01  -9.2755362e-02   1.9660075e-03
  -2.0705270e-01  -8.8228159e-02   6.0986844e-03
  -2.4463731e-01  -6.5241534e-02  -1.7655253e-03
  -2.8022464e-03  -6.2375092e-02   9.9306530e-03
  -1.5361090e-01  -4.4235761e-02   7.3923153e-03
  -1.8343154e-01  -1.1356185e-01   4.3286121e-03
  -1.6078432e-01  -8.9952507e-02   9.4111996e-03
   9.2590168e-02  -5.8260094e-02   8.0359398e-03
  -5.5631595e-02  -5.6926066e-03   9.0534585e-03
   4.7801059e-02   2.1347209e-02   1.3335830e-02
  -2.3158300e-02   7.1835530e-02   6.9330322e-03
   1.5761562e-01   8.5160743e-02   1.1792362e-02
  -1.7081224e-02   1.0962950e-01   1.4567206e-02
   2.4699691e-01   1.3526725e-01   9.9630651e-03
   1.9115673e-01   1.4040328e-01   8.0693182e-03
   4.1980853e-02   1.3348372e-01   4.7674118e-03
   7.7303235e-02   7.3018719e-02   1.2015976e-02
   3.1217783e-02   1.0492789e-01   5.4018255e-03
   2.3656910e-01   1.4704794e-01   7.3632493e-03
   1.9599334e-01   1.4615946e-01   1.1153821e-02
  -6.2765087e-02   1.6147364e-01   1.1035006e-02
   1.6326027e-01   1.7521944e-01   3.7171804e-03
  -1.7411249e-02   1.1915195e-01   6.8481307e-03
   3.0598028e-01   1.6266143e-01   8.0859806e-03
   1.9659098e-01   1.6352350e-01   9.5461845e-03
   3.9884106e-02   1.2422744e-01   1.6402888e-03
   5.1527931e-02   1.6181441e-01   6.3355540e-03
   2.0359006e-01   1.7547777e-01   4.5277355e-03
   1.0167676e-01   1.8257590e-01   2.1942175e-03
   1.2721165e-01   9.1135949e-02   2.4249949e-03
   2.3223435e-01   7.0726560e-02   3.5607150e-03
   1.0129406e-01   5.6801437e-02  -2.8672957e-03
   1.1931291e-01   3.0442454e-02   1.1752443e-03
  -1.3669598e-02   2.8696002e-02   3.0522947e-03
  -1.6377195e-01   3.0955222e-02   4.9253917e-03
  -8.0807130e-02   6.2350478e-02   3.8700811e-03
   1.7192110e-01   5.9968318e-02   3.0714971e-03
   1.8243015e-02   4.3858495e-02  -1.2427112e-03
  -9.4114988e-02   6.6741944e-02   3.6821083e-03
   1.8022021e-01   5.7399621e-02  -8.6815052e-04
  -2.4744867e-02   3.0858939e-02  -7.0808777e-03
   3.8196394e-02  -2.6954569e-02   1.3734738e-04
  -1.1141651e-01  -1.9831888e-02  -1.6491275e-03
   1.2306346e-01   2.3956911e-02  -2.1407994e-03
   1.4771131e-02   2.1774018e-02  -2.0430178e-03
  -3.8734388e-02  -7.0737787e-03  -3.9715148e-03
  -1.3657173e-01  -2.0423784e-02  -2.4846919e-03
  -1.3077171e-01  -2.4291731e-02  -3.8899732e-03
   4.9739389e-02  -4.0769347e-02  -9.7140288e-04
   4.6923520e-02  -2.2009620e-02  -1.7037540e-03
  -1.8682410e-01  -6.6102118e-02  -1.0202868e-02
  -1.5978724e-01  -1.6170518e-01  -2.4931212e-03
  -3.8900424e-02  -1.3133063e-01  -1.2388901e-02
  -2.4529142e-01  -1.6193683e-01  -9.4487164e-03
  -2.5534318e-01  -1.5139549e-01  -1.3339706e-02
  -2.2219948e-01  -1.8173022e-01  -9.0446820e-03
  -6.2172711e-02  -1.4132607e-01  -6.5868663e-03
  -2.6495334e-01  -1.2833710e-01  -1.1427807e-02
  -1.3804463e-01  -1.1574383e-01  -9.3802242e-03
   9.0854278e-02  -1.0499911e-01  -8.8968117e-03
  -9.6565659e-02  -8.5273884e-02  -8.2174248e-03
   3.9588205e-02  -8.9277731e-02  -7.8986853e-03
   1.6606802e-02  -4.8870074e-02  -7.4771065e-03
   1.5702389e-02  -8.5688528e-02  -1.0185513e-02
  -5.3533766e-02  -1.0003575e-01  -8.2171384e-03
  -2.5572520e-01  -1.2330607e-01  -1.5483124e-02
  -2.0949200e-01  -1.6280649e-01  -1.0376292e-02
  -2.4262609e-01  -2.3029995e-01  -1.0624374e-02
  -8.7766287e-02  -2.2152687e-01  -5.7062882e-03
  -2.4110964e-01  -2.3438812e-01  -9.4923037e-03
  -3.5212407e-01  -2.4338594e-01  -1.0203913e-02
  -4.3555351e-01  -2.6961749e-01  -4.4266608e-03
  -2.6041873e-01  -2.2441622e-01  -7.4425109e-03
  -1.2298092e-01  -1.5585487e-01  -1.0711509e-02
   8.3778408e-02  -1.8734775e-01  -5.3717988e-03
  -1.8400778e-01  -1.6862191e-01  -4.2186594e-03
  -2.5029851e-01  -1.8705576e-01  -7.0897584e-03
  -2.5201962e-01  -1.8220528e-01  -9.3980775e-03
  -2.2632335e-01  -1.7282334e-01  -5.5162880e-03
  -1.6326641e-01  -2.2503274e-01  -6.2709418e-03
  -3.9432849e-01  -2.5168868e-01  -5.5952887e-03
  -3.5589445e-01  -2.2412668e-01  -1.1159341e-02
  -2.0126294e-01  -2.1434158e-01   1.7248084e-03
  -1.6194301e-01  -1.9613692e-01  -4.4943967e-03
  -2.7242369e-01  -1.8280758e-01   2.6511660e-03
  -3.5035022e-01  -1.8858583e-01  -2.8806408e-03
  -2.7951464e-01  -1.6157124e-01   5.4114773e-05
  -4.2081603e-02  -1.6675709e-01  -2.5131003e-03
  -1.8153933e-01  -1.9892586e-01   1.1304812e-03
  -7.0511719e-02  -1.7292132e-01   3.4883774e-04
  -2.5316312e-01  -1.6040886e-01  -1.8578807e-03
  -8.9290941e-02  -1.5779605e-01   8.9393508e-03
  -2.5836401e-01  -1.1429908e-01   4.9578615e-03
  -7.4333586e-02  -6.7991112e-02   4.1904183e-03
   2.8943775e-02  -7.4399788e-02   5.8375771e-03
   3.6589923e-02  -6.3966719e-02   5.6071226e-03
  -2.1158603e-01  -3.4790247e-02   6.3118222e-03
  -5.6725210e-02  -2.7948730e-02   4.9211531e-03
   6.2980402e-02  -3.9842624e-02   5.3752005e-03
  -7.7013452e-02   1.0426014e-02   7.1429975e-03
  -1.9832439e-01   1.1228051e-03   9.1667393e-03
   9.8563806e-04   4.2035772e-03   1.1456377e-02
   1.1452678e-01   4.5940873e-02   8.6420067e-03
   4.5449930e-02   7.3728261e-02   7.0391867e-03
   2.1496782e-01   1.1297449e-01   2.0518884e-03
   1.0880668e-01   1.3898785e-01   1.1214804e-02
   3.5308956e-02   1.2246634e-01   6.3156805e-03
   1.4906666e-01   1.4559387e-01   1.0551316e-02
   2.8582996e-01   1.2692536e-01   4.6577718e-03
   2.5546078e-01   1.3091019e-01   9.7826465e-03
   1.5050944e-01   7.4084760e-02   1.0649320e-02
   2.8318409e-02   1.0524343e-01   6.9183388e-03
   3.2243611e-01   1.2446290e-01   9.6987766e-03
   9.4142959e-03   8.9143611e-02   1.1958488e-02
  -1.8299252e-02   1.3390256e-01   9.1330082e-03
   7.1234894e-02   1.1816928e-01   1.1943659e-02
   2.2365061e-01   1.9786078e-01   9.4232599e-03
   8.0883236e-02   1.7059642e-01   1.2881863e-02
   4.1767047e-01   1.4512266e-01   1.0232676e-02
   2.4985473e-01   1.7364042e-01   4.6903378e-03
   2.2871332e-01   1.2436472e-01   1.0917045e-02
  -1.0060737e-04   1.1941023e-01   3.7659965e-03
   6.4358671e-02   7.4903963e-02   7.5226661e-03
   1.2264381e-01   6.9710830e-02   7.7933061e-03
   1.5862187e-01   1.0857278e-01   1.2930273e-02
   1.8148949e-01   1.2987350e-01   1.1033166e-02
   6.4243013e-02   9.9916545e-02   5.2763398e-03
  -7.1562639e-02   2.3838166e-02   8.8134343e-03
  -2.4279692e-02   1.9614273e-02   6.6260255e-03
  -7.9838683e-02   7.1458070e-02   1.0198757e-02
  -6.2838765e-02   6.6840033e-02   9.8351743e-05
  -4.0755883e-02   9.5358891e-02   2.4069431e-03
   1.6025246e-01   1.3675255e-01   9.5941705e-04
   2.0894258e-01   1.4616991e-01   3.9591670e-03
   3.2590267e-02   1.3126608e-01   6.8940235e-03
   2.5531563e-02   1.1562260e-01   4.2491018e-03
   4.8656960e-02   1.1773920e-01   3.2100178e-03
   7.4322677e-02   1.4937555e-01  -8.8446661e-04
   2.4555394e-01   1.0244580e-01   2.6255193e-03
   1.2853154e-01   1.3108907e-01   4.0551666e-03
  -4.8978010e-02   6.1222761e-02  -6.0682683e-03
   9.3781126e-02   8.3669452e-02   2.1107859e-03
   6.3645800e-02   6.5577014e-02   3.2375866e-03
   1.5294089e-01   1.2022521e-01  -3.8341627e-03
   1.0950628e-01   8.7503611e-02  -2.9782340e-03
   1.4352506e-01   9.7078569e-02  -1.0170813e-02
   1.1859706e-01   4.6937590e-02  -1.3254308e-03
   6.1953060e-02  -2.5262351e-02  -8.1383048e-03
  -5.5721359e-02  -3.2264989e-02  -4.1437260e-03
   6.1906170e-02   1.1956502e-03  -9.5706050e-03
   2.7472773e-02   3.3910628e-02  -3.4634965e-03
   4.2939307e-02   5.0386366e-02  -1.0705731e-03
   1.3081741e-01   5.9718001e-02  -4.1029487e-03
   4.3253488e-02   3.8723858e-03  -1.4644588e-02
  -9.6238361e-03  -1.9772684e-02  -9.6794736e-03
  -4.4828039e-02  -2.3413050e-02  -1.1555292e-02
  -1.2642430e-01  -3.3482802e-02  -1.4512640e-02
  -1.7411340e-01  -4.2433260e-02  -1.0011405e-02
  -2.4694562e-02  -6.8742625e-02  -1.2401326e-02
  -2.0556913e-01  -6.0319449e-02  -1.0046296e-02
  -1.2347547e-02  -5.1506983e-02  -8.9336483e-03
   9.2406979e-02  -2.1990442e-02  -1.1986874e-02
  -9.1177617e-02  -2.9969496e-02  -9.9596618e-03
  -1.3739758e-03  -3.8480714e-02  -8.7046087e-03
   2.4990593e-02  -3.1482278e-02  -1.2181205e-02
  -5.4287387e-02  -5.5179380e-02  -4.9393481e-03
   9.9815217e-03  -2.9212982e-02  -1.1306987e-02
   8.1784345e-02  -7.2905106e-02  -6.2598092e-03
   1.9416217e-01  -3.9456891e-02  -1.2889181e-02
  -1.1621640e-01  -4.5983689e-02  -4.0685199e-03
  -2.6358796e-02  -2.2941391e-03  -5.2728241e-03
  -2.9188694e-02  -9.6869842e-03  -1.2674195e-02
   2.2025469e-02  -1.0761862e-02  -5.3393002e-03
  -6.9640706e-03  -1.9723937e-02  -8.9637102e-03
  -7.6645451e-02   1.2879183e-02  -7.0161178e-03
  -5.2422634e-02  -4.0445931e-02  -1.0196652e-02
  -1.5119297e-01  -3.8750099e-02  -8.8872498e-03
  -6.4873533e-03  -2.2337911e-02  -9.5219866e-03
  -3.4225667e-02  -5.7569668e-02  -1.1334562e-02
  -1.7099616e-01  -6.9522957e-02  -9.2660262e-04
  -8.6113544e-02  -7.6623537e-02  -3.7584001e-03
  -6.8351583e-02  -8.4374825e-02  -2.5948776e-03
  -2.3364973e-02  -7.6597879e-02  -8.5376746e-04
  -1.8001157e-01  -8.1623978e-02   3.4730599e-03
  -7.4233503e-02  -1.0361503e-01  -1.7559264e-03
   2.4985327e-02  -3.6930006e-02   3.1176782e-03
   1.9763401e-01   1.7835013e-03   1.2795327e-03
   6.1357487e-02   1.6511947e-02   7.0677677e-04
   1.8018451e-01   6.1391554e-02   2.6310024e-03
   6.2343059e-02   4.2831482e-02   4.4102462e-03
  -1.2439073e-01   2.9664823e-02   4.5117699e-03
   1.2044971e-01  -4.4378356e-03   1.7573637e-04
  -1.0110598e-01  -1.3810513e-02   8.4803394e-03
   1.6665867e-02  -2.4686118e-02   2.7831550e-03
  -6.4527589e-02  -5.8359686e-02   7.5957439e-03
   5.9202745e-02  -3.4587805e-03   1.1630826e-03
  -1.1267149e-01  -6.3250597e-02   7.6980081e-03
  -2.7955453e-02   1.3389159e-03   5.2621327e-03
  -9.4639851e-02  -7.3452102e-02   7.1225195e-03
  -2.5961396e-02  -4.1973415e-02   4.7959226e-03
  -5.4066592e-02  -9.3664550e-03   1.0731509e-02
  -1.9456988e-01   1.9809601e-02   7.4162342e-03
   6.3440663e-02   6.8509292e-02   1.0157089e-02
  -3.9170763e-02   1.2390530e-01   5.4160571e-03
   1.6479104e-01   1.4273897e-01   1.4317447e-02
   1.9551935e-01   1.7677942e-01   1.3305003e-02
   1.4108353e-01   1.7901234e-01   9.8719612e-03
   3.0104191e-01   1.3407636e-01   4.4803923e-03
   1.3730010e-01   1.5324564e-01   1.2038444e-02
   1.6701627e-01   1.8857472e-01   9.2892357e-03
   2.3540208e-01   2.2459577e-01   1.1113289e-02
   1.3056918e-01   2.1706934e-01   1.0826383e-02
   5.9130164e-02   1.3173886e-01   9.9151010e-03
  -2.4406091e-02   1.1170377e-01   9.4041175e-03
   1.4237900e-01   9.5775311e-02   9.7709424e-03
   1.6626351e-01   1.5816211e-01   1.0743061e-02
   2.0192100e-01   1.6860996e-01   6.0527780e-03
   2.4699763e-01   2.0304705e-01   6.0188650e-03
   1.4902370e-01   1.6405732e-01   1.2118696e-02
   6.8114206e-02   1.9591578e-01   4.9949678e-03
   2.7306663e-01   2.1915938e-01   3.7788809e-03
   1.5816796e-01   1.8700843e-01   8.7755151e-03
   2.0826256e-01   2.3324837e-01   6.0020167e-03
   2.2211543e-01   1.9021273e-01   6.4317869e-03
   8.3795233e-02   1.9888553e-01   2.6555392e-03
   1.7057997e-01   1.4882368e-01   9.1368167e-03
   1.8466370e-01   1.2132977e-01   1.5032339e-03
   1.5961916e-01   9.5662125e-02   6.3224951e-03
   1.1866309e-01   1.0783831e-01   3.8058907e-03
   1.2540094e-01   1.0010262e-01   4.3080303e-03
  -1.3284988e-02   1.0393723e-01   8.6001165e-03
   2.0632549e-01   1.1140452e-01   4.8147520e-03
   1.7982293e-01   1.4416870e-01   6.7320858e-03
   6.8915940e-02   1.7826810e-01   5.8554313e-03
   2.9195310e-01   1.8084559e-01  -1.5560522e-03
   1.8960016e-01   1.2155689e-01   6.9758391e-03
   2.1467888e-01   1.1718348e-01   9.8010648e-03
   1.9813197e-01   1.3483064e-01   9.3802555e-04
   1.6244982e-01   1.4930998e-01  -1.3243069e-03
   1.7746119e-01   1.9265359e-01   4.5046280e-03
   1.3219617e-01   1.6593120e-01  -3.4175514e-03
   9.0392924e-02   1.3748650e-01  -3.5422694e-03
   2.5756776e-01   1.6128349e-01  -7.0235156e-04
   2.1935155e-01   2.0411987e-01  -1.0803831e-03
   3.3149751e-01   2.2931968e-01  -5.7100813e-03
   2.7229506e-01   1.7321220e-01  -3.2574745e-03
   2.6920810e-02   1.7059514e-01  -8.2356666e-03
   1.7676530e-01   1.3678904e-01  -8.9241742e-03
   3.4249933e-02   6.6032284e-02  -1.3811363e-02
   3.1590550e-02   5.4899049e-02  -3.2294782e-03
  -2.7567784e-03   4.6247363e-02  -1.1240132e-02
   7.7862348e-02   4.5386683e-02  -9.1803911e-03
   5.3584293e-02   3.8414034e-02  -9.0316871e-03
  -3.1480022e-02  -3.3125449e-02  -9.6738316e-03
   1.3221436e-01  -6.2546790e-02  -1.1320257e-02
  -1.2766669e-01  -1.0377860e-01  -6.9118126e-03
  -1.3096077e-01  -1.3371829e-01  -9.3320100e-03
  -1.1604597e-01  -1.3533444e-01  -8.9772457e-03
  -7.1212426e-02  -1.4079809e-01  -5.5018842e-03
  -1.8437894e-01  -1.5739856e-01  -1.5179265e-02
  -8.5242715e-02  -1.2195886e-01  -1.6117319e-02
  -9.8537411e-02  -1.6577856e-01  -7.1035732e-03
  -2.5837532e-01  -1.2807723e-01  -1.0124271e-02
  -1.0985066e-01  -1.8767714e-01  -1.1347466e-02
  -2.3689436e-01  -1.9817555e-01  -1.2817157e-02
  -1.0350719e-01  -2.3034790e-01  -8.8272229e-03
  -2.2157485e-01  -2.2068395e-01  -1.2116154e-02
  -1.8050320e-01  -1.8840551e-01  -9.1027551e-03
  -1.3848025e-01  -1.4836733e-01  -1.0279380e-02
  -1.3229569e-01  -1.5267644e-01  -1.2047405e-02
  -8.9109250e-02  -1.7270349e-01  -1.0421577e-02
  -1.4111266e-01  -1.4605169e-01  -9.3697365e-03
  -1.7360037e-01  -1.9734001e-01  -1.2117760e-02
  -7.3883946e-02  -1.5012214e-01  -5.6196657e-03
  -1.6569599e-01  -1.6844915e-01  -7.4776007e-03
   2.4939890e-02  -1.3053364e-01  -1.0309073e-02
  -1.9898813e-01  -5.3325658e-02  -2.9969838e-03
  -9.7643571e-02  -6.1403392e-02  -4.1207626e-03
  -1.5034257e-01  -7.3849807e-02  -9.7206588e-03
  -2.8690951e-02  -9.2472670e-02  -6.2752172e-03
  -2.3480526e-01  -9.9257979e-02  -4.9824654e-03
  -9.1999605e-02  -1.0284231e-01  -5.7265091e-03
  -5.6923160e-02  -5.9781688e-02   5.8987367e-04
  -8.7265189e-02  -1.1432850e-01  -8.4749733e-03
  -5.5309699e-02  -7.0434032e-02  -1.0017729e-03
   8.7996629e-02  -8.1074074e-02  -3.2756988e-03
  -2.2871125e-01  -6.8963553e-02  -3.7895350e-03
   2.5289502e-02  -5.2728766e-02   2.3619593e-03
  -7.0126481e-02  -1.2046638e-01   1.1528334e-03
  -3.0834993e-02  -1.2500625e-01  -1.2450299e-03
  -5.3316103e-02  -9.0176831e-02  -1.6114097e-03
  -1.6208177e-01  -1.2078628e-01  -4.1808770e-03
  -2.1017192e-01  -9.9113398e-02   1.3724484e-03
  -1.0593217e-01  -4.3047763e-02   7.5265252e-03
   1.6994649e-01  -1.5472609e-02   8.7154320e-04
   2.5543210e-01   5.8672183e-02   3.6133904e-03
   1.4682263e-02   3.2323747e-02   6.9428068e-03
   1.5655817e-02   2.5298283e-02  -1.5188565e-03
   1.5673850e-03   7.4441790e-02   7.6927946e-03
   7.0837687e-02   1.0845976e-01   7.7758531e-03
   4.3101930e-02   9.1002800e-02   5.8583616e-03
   1.6540018e-01   9.1777698e-02   1.3704638e-02
   1.8442176e-01   1.0174763e-01   4.1325265e-03
   1.3138998e-01   4.1612668e-02   9.4467854e-03
  -7.9984624e-03   6.6143627e-02   1.2970023e-02
   1.2556475e-01   1.2133760e-01   8.3310700e-03
   1.8660238e-01   1.2664391e-01   7.0534172e-03
   1.1869243e-01   8.2384095e-02   8.0900914e-03
   3.0738506e-03   2.5892468e-02   9.8467820e-03
   1.8718565e-01   1.8819947e-02   9.5574505e-03
   4.7146792e-02  -2.4922538e-02   8.7971825e-03
  -8.5524462e-03   5.8089707e-02   2.9667119e-03
   1.4292858e-01   8.1609753e-02   1.2076149e-02
   8.4216428e-02   1.2443154e-01   1.1470082e-02
   7.1269998e-03   1.5105760e-01   8.5550838e-03
   1.3779933e-01   1.3737850e-01   9.5755508e-03
   1.4172486e-01   1.2517502e-01   8.6389888e-03
   1.4587790e-01   1.5009680e-01   1.1312870e-02
  -4.0174923e-02   1.5507787e-01   4.1904989e-03
   2.7263029e-01   2.0450902e-01   9.7245551e-03
   1.7248712e-01   2.2351729e-01   1.0197828e-02
   2.8775461e-01   2.3759746e-01   1.0185199e-02
   1.9301430e-01   2.1534193e-01   1.4689951e-02
   3.8744411e-01   2.8823199e-01   6.5615174e-03
   1.8802620e-01   2.3900514e-01   3.4476159e-03
  -6.5846268e-02   1.9663440e-01   6.7025349e-03
   1.8750034e-01   2.2228479e-01   1.1086671e-02
   1.9981218e-01   2.3498136e-01   7.3390880e-03
   2.0977150e-01   1.8063332e-01   5.1455529e-03
   1.5834006e-01   2.3287477e-01   5.0290249e-03
   1.6223068e-01   2.0094619e-01   8.5680005e-03
   7.2990126e-02   1.9712200e-01   6.3168558e-03
   2.5079417e-01   2.0187072e-01   2.2866095e-03
   3.7375366e-01   1.9396407e-01   1.0467314e-03
   1.4788877e-01   1.7616009e-01   5.4746593e-03
   4.3361047e-01   2.3487920e-01   2.2080690e-03
   2.9642837e-01   2.3702022e-01  -2.3908885e-04
   3.4491219e-01   2.3999175e-01  -9.5396970e-05
   2.7263320e-01   2.3528573e-01   3.9546144e-03
   3.0405546e-01   2.8662015e-01   1.1378724e-03
   7.7970839e-02   2.2800212e-01   2.0930724e-03
   2.2038505e-01   1.9247968e-01  -3.9728263e-03
   2.5445576e-01   2.1947188e-01  -5.3121638e-03
   1.8328222e-01   1.5293124e-01  -8.2907790e-04
  -1.3379295e-01   1.3343441e-01  -8.0855082e-04
   1.7131160e-01   1.1413121e-01  -9.2364658e-04
   1.4583286e-01   1.2424749e-01  -8.4339909e-03
   1.5856856e-01   7.8060961e-02  -5.7035297e-03
   6.8122269e-02   4.7420280e-02  -7.1832296e-03
  -1.0294866e-02   2.4744852e-02  -5.4284276e-03
  -1.4505300e-01  -9.2959295e-03  -6.7210248e-03
  -1.7832325e-01  -3.8158833e-02  -1.0534725e-02
  -1.4271130e-01  -8.4760682e-02  -1.1114221e-02
   1.2344273e-01  -1.3432717e-01  -1.1417333e-02
  -2.4606412e-01  -1.3504618e-01  -9.0179483e-03
  -6.3913552e-02  -1.3348291e-01  -6.6161720e-03
  -8.6435946e-02  -9.8388508e-02  -6.3248859e-03
   3.7049799e-02  -9.5307477e-02  -9.4802703e-03
  -1.2938696e-01  -1.0809931e-01  -7.6219239e-03
  -1.6558795e-01  -1.6572000e-01  -1.2755174e-02
  -3.3653072e-01  -1.6225381e-01  -1.2160965e-02
  -1.1593983e-01  -1.6412045e-01  -4.3508275e-03
  -2.1397443e-01  -1.8611023e-01  -1.0428398e-02
  -1.4283062e-01  -1.8519538e-01  -8.3649271e-03
  -2.0458787e-01  -2.1988401e-01  -1.1671589e-02
  -1.7511024e-01  -2.2944740e-01  -9.2543255e-03
  -4.0433143e-01  -2.6291989e-01  -6.5793326e-03
  -7.4237949e-02  -2.3815430e-01  -8.5146645e-03
  -3.1171534e-01  -2.6912189e-01  -1.2389392e-02
  -1.6233194e-01  -2.5222966e-01  -9.5463612e-03
  -1.9226567e-01  -2.5605261e-01  -8.5332513e-03
  -1.6918518e-01  -2.2860803e-01  -9.1002043e-03
  -2.5554897e-01  -1.7943038e-01  -9.7683668e-03
  -2.3707468e-01  -1.9850803e-01  -9.0432926e-03
  -1.9145661e-01  -2.0243619e-01  -4.4662710e-03
  -1.1424574e-01  -1.6145030e-01  -8.4013319e-03
  -2.2668194e-01  -1.9856244e-01  -2.9189932e-03
   3.0108000e-02  -1.5894504e-01  -4.6364065e-03
  -3.2392492e-02  -1.7890231e-01  -5.1381516e-03
  -1.0295881e-01  -1.9059418e-01  -5.0291901e-03
  -2.0254566e-01  -2.0251705e-01  -4.1101757e-03
  -9.0433264e-02  -1.9108969e-01  -5.1799067e-03
  -1.5945598e-01  -1.7993070e-01  -5.1971840e-03
  -8.3495988e-02  -1.2581080e-01  -9.7827922e-04
  -5.3199866e-03  -6.8239769e-02  -1.8673071e-03
  -8.0488775e-02  -1.0414695e-01  -5.1514237e-03
  -8.7175510e-02  -9.5056977e-02   7.4376988e-04
  -1.0351938e-01  -1.3658711e-01   3.2833819e-03
  -2.4365284e-01  -1.1660516e-01   1.8817400e-03
  -2.0877803e-01  -1.1438769e-01  -1.0581738e-02
  -1.8855785e-01  -8.6850293e-02   1.0968294e-04
  -7.0784589e-03  -1.1975483e-01   8.5580653e-04
  -2.4617555e-01  -7.8745794e-02   4.6257030e-03
   9.2349052e-03  -7.5617554e-02  -1.7671338e-04
  -3.4500909e-01  -1.0074137e-01   9.9396446e-03
  -1.0683278e-01  -9.8159785e-02   8.6483132e-03
  -1.5063588e-01   4.0780601e-03   2.0823948e-03
  -1.1141380e-01   3.9873158e-02   1.2151780e-02
   1.7488885e-01   3.7522087e-02   4.3079146e-03
   9.6064471e-02   7.8407140e-02   4.1712674e-03
   2.2195273e-02   6.9790342e-02   1.0409905e-02
   8.8225157e-02   7.5563493e-02   2.7723111e-04
   1.0846352e-01   8.4854204e-02   1.0716634e-02
   9.6358851e-02   6.9553119e-02   5.6234175e-03
   5.7274521e-02   8.6847200e-02   5.9990028e-03
   7.9325796e-02   5.7903570e-02   9.3922273e-03
   2.0070437e-01   1.2021852e-01   6.3569001e-03
   1.1787978e-01   9.8159598e-02   8.6239114e-03
   6.3521125e-02   6.2151620e-02   1.3443648e-02
   8.7005866e-02   4.6537167e-02   8.8366620e-03
  -1.6351172e-03   7.0397520e-02   6.6250527e-03
  -2.9870364e-02   1.2677355e-01   7.7338834e-03
   2.7694397e-02   1.0068552e-01   5.6709635e-03
   2.2955032e-01   1.1798270e-01   1.3050696e-02
   1.7163251e-01   1.6110120e-01   7.2413148e-03
   5.4118637e-02   1.7740091e-01   8.8532264e-03
   2.2713489e-01   1.8905595e-01   5.7983062e-03
   2.3744388e-01   1.5314596e-01   8.8738670e-03
   1.6812084e-01   2.1345576e-01   5.4707048e-03
   1.0026930e-01   1.8407349e-01   1.1044284e-02
   1.0698014e-01   1.8952576e-01   3.9692186e-03
   9.5792802e-02   1.8804525e-01   8.6204526e-03
   1.5269877e-01   1.6055949e-01   5.6858547e-03
   1.4844007e-01   2.0907414e-01   6.7730142e-03
   2.4074841e-02   1.9055837e-01   5.9020307e-03
   3.9948814e-02   1.6645670e-01   1.0733463e-02
   1.7270099e-01   1.9014195e-01   7.3324352e-03
  -2.9492163e-03   1.7543187e-01   8.0990960e-03
   2.5483020e-01   1.6784065e-01   3.0157833e-03
   1.7642967e-01   2.0931573e-01   8.8321233e-03
   1.0041070e-01   2.1212228e-01   5.0525559e-03
   1.8138904e-01   2.2737463e-01   5.9463504e-03
   3.2274131e-01   2.1524787e-01   6.4207858e-03
   1.7223695e-01   2.0496735e-01   4.9911951e-03
   1.6926173e-01   2.2321742e-01   3.6913910e-03
   3.2573795e-01   2.6211920e-01   3.0255807e-03
   1.3295180e-01   2.2667843e-01   2.9343719e-03
   2.1772836e-01   1.9180204e-01   1.4215276e-03
   3.2288734e-01   1.7224742e-01  -2.1166180e-03
   1.1775920e-01   7.6895034e-02   1.9384849e-03
   1.6488981e-01   7.7763846e-02  -6.4718012e-03
   8.7533004e-02   4.4324511e-02  -2.9188136e-03
   1.7305214e-02   3.2813433e-02  -6.8576495e-03
   4.9164871e-02   2.2241253e-02  -5.4771328e-03
   9.3968848e-02   1.3413020e-02  -2.8411501e-03
   2.3195269e-02   8.1292573e-04  -3.1976463e-03
  -9.2813535e-03   1.0139903e-02  -7.1417636e-03
   8.1357962e-02  -2.4225713e-02  -1.4154673e-03
   1.9955128e-01  -2.8458397e-02  -6.0854239e-03
  -4.3441726e-02  -7.7964731e-02  -7.9604328e-03
  -2.8332300e-01  -8.2735116e-02  -6.7474314e-03
  -3.0500092e-02  -6.4593876e-02  -6.6368625e-03
   3.5535662e-02  -9.4886255e-02  -8.3386970e-03
  -1.2042804e-02  -1.4974806e-01  -2.0714279e-03
  -1.8206459e-02  -1.1125291e-01   1.7159233e-03
  -1.4944031e-01  -9.0334312e-02  -7.4981409e-03
   1.1171491e-02  -6.8007680e-02  -6.9279604e-03
  -6.7458255e-02  -7.4909630e-02  -1.1265653e-02
   2.9424279e-02  -1.2531472e-01  -8.5899970e-03
  -1.7684394e-01  -1.5973885e-01  -1.6142423e-02
  -1.5395344e-01  -2.0808505e-01  -9.7208957e-03
  -1.5817064e-01  -2.0552459e-01  -1.4234197e-02
  -1.8822151e-01  -2.2268600e-01  -1.1119417e-02
  -4.2206604e-01  -2.9001501e-01  -1.3995765e-02
  -4.5608283e-01  -3.1095396e-01  -7.8219717e-03
  -1.4163384e-01  -3.0660245e-01  -9.0021296e-03
  -2.6339216e-01  -2.7156651e-01  -1.1535675e-02
  -1.1049173e-01  -2.3881307e-01  -8.7586023e-03
  -2.0379865e-01  -2.4128505e-01  -1.0357331e-02
  -3.2990468e-01  -2.7038050e-01  -6.2410100e-03
  -3.0126577e-01  -2.8604575e-01  -1.0658320e-02
  -1.2476385e-01  -2.4714291e-01  -1.0449683e-02
  -3.9192138e-01  -2.5359883e-01  -1.3010183e-02
  -3.1747494e-01  -2.9487639e-01  -8.5569418e-03
  -3.4813722e-01  -2.4905604e-01  -1.7628791e-02
  -2.2270925e-01  -2.5301383e-01  -5.8588814e-03
  -2.7466555e-01  -2.7442951e-01  -7.6879378e-03
  -2.9144593e-01  -2.7516705e-01  -8.1510523e-03
  -3.0852721e-01  -2.6682042e-01  -1.0554800e-02
  -2.3540206e-01  -2.5756080e-01  -7.2010380e-03
  -3.4781889e-01  -2.1690925e-01  -2.6353082e-03
  -1.1631190e-01  -2.1319906e-01   9.5132525e-04
  -4.6268590e-01  -2.0269886e-01  -5.8945129e-03
  -1.8372727e-01  -1.9220206e-01  -1.9036060e-03
  -2.5380563e-01  -2.0087822e-01  -3.4341130e-03
  -3.6519614e-01  -2.0145283e-01  -9.2473850e-04
  -2.8368132e-01  -1.8741171e-01   4.5472937e-03
  -2.5681353e-01  -1.4791392e-01  -5.7772222e-04
   9.9065153e-02  -1.0264856e-01  -2.3977212e-03
  -2.5646459e-02  -1.0772888e-01   7.3782853e-04
  -2.8608323e-01  -1.3970114e-01  -8.7146441e-04
  -1.4077772e-01  -1.3460283e-01   4.8018618e-03
  -8.6430606e-02  -1.3798261e-01  -2.9663002e-03
  -1.7365419e-01  -1.4433944e-01   8.6237401e-03
  -1.6148731e-01  -1.6370157e-01   2.3930943e-03
  -1.4597575e-01  -1.8612029e-01   6.2895857e-03
  -8.7063318e-02  -1.7894514e-01   1.0327280e-02
  -2.4028444e-01  -9.8390409e-02   5.5711822e-03
  -1.2427143e-01  -5.2749157e-02   8.2449908e-03
  -1.8810314e-01  -4.8826148e-02   6.2788939e-03
  -2.7921858e-01  -6.8794562e-02   5.0535933e-03
  -2.1052170e-01  -8.2447427e-02   1.0375938e-02
  -5.3426533e-02  -5.9292947e-02   7.8542964e-03
   2.8588633e-03  -5.9818677e-02   6.2397538e-03
   1.4286352e-02  -5.9447497e-02   8.9019391e-03
   5.0639251e-02  -1.6381767e-02   5.7987841e-03
  -4.1963226e-03  -2.5811392e-03   3.7886344e-03
  -5.2657489e-02  -2.1532713e-02   6.0265523e-03
   6.8798542e-02   5.5956476e-03   1.5970735e-02
   8.0456430e-02   5.3804341e-02   1.3143836e-02
   1.8628153e-01   9.0085175e-02   1.1558719e-02
  -1.2363176e-01   1.3060401e-01   1.3658511e-02
   3.1297593e-01   1.7561327e-01   1.1973143e-02
   4.2297456e-01   1.7034387e-01   9.0402532e-03
   1.1909603e-01   2.0125402e-01   1.0089944e-02
   2.6206533e-01   2.2419812e-01   1.1385145e-02
   1.4184200e-01   1.5864466e-01   7.3708855e-03
   2.1638405e-01   1.5126252e-01   1.1416407e-02
   1.4433098e-01   1.7540304e-01   6.0200662e-03
   2.9338361e-01   1.5878961e-01   9.7458668e-03
   1.7869628e-01   1.6369988e-01   1.0772514e-02
   2.8037450e-01   1.5780248e-01   8.1537631e-03
   1.2589249e-01   1.3528973e-01   4.7481553e-03
   6.7138792e-02   6.6304338e-02   4.1950636e-03
   5.6624518e-02   9.2207713e-02   4.1464408e-03
   1.2296843e-01   1.1634774e-01   4.5336912e-03
   3.5361327e-01   1.5748393e-01   6.7095215e-03
   1.3993469e-01   1.5146809e-01   7.9968662e-03
   3.2194088e-02   1.2252652e-01   4.5535572e-03
   2.8181809e-01   1.4204949e-01   4.4087560e-03
   1.4702983e-01   8.7694863e-02   5.7566577e-03
  -6.2828819e-02   1.3472057e-01   4.2721650e-03
   7.2427875e-02   1.1785231e-01   1.2457667e-03
   9.7988938e-02   1.2776136e-01   2.4473716e-03
  -8.6594612e-02   4.5371142e-02   2.1577768e-03
  -1.5067940e-01   1.5757902e-02   7.3576738e-03
  -1.3714574e-01  -5.1278095e-02  -1.9589403e-03
   7.6054370e-02   2.1630499e-02   4.4606082e-03
   1.6917087e-01   3.5344552e-04  -4.2507038e-03
   8.1726620e-02  -2.0167849e-03  -9.3616848e-04
  -2.9861985e-03   1.2465656e-02  -3.8182640e-03
   4.4339141e-02   2.5280460e-03   1.7749548e-03
   2.0388401e-02  -2.1562054e-02  -1.0378027e-02
  -9.0368567e-02  -3.5507047e-02  -8.2268126e-03
  -5.7744474e-03  -5.7615794e-02  -5.3862619e-03
   1.4825751e-01  -2.4498492e-02  -2.8819094e-03
   3.5188005e-02  -6.4960259e-03  -4.3896730e-03
  -3.4596764e-02  -4.8353029e-02  -1.1194278e-02
  -2.5293883e-01  -9.0609288e-02  -5.1565372e-03
  -6.4098581e-02  -1.1835172e-01  -1.0999549e-02
  -8.0401830e-02  -6.8828652e-02  -3.0198558e-03
  -1.8153878e-01  -4.9089905e-02  -9.8967046e-03
  -2.1037079e-01  -7.4321007e-02  -7.6777408e-03
  -1.0713757e-01  -1.1036037e-01  -7.9203865e-03
  -3.1845992e-01  -7.6686543e-02  -8.9597644e-03
  -4.4109068e-03  -9.0082195e-02  -5.0770826e-03
  -9.8563769e-02  -6.6480376e-02  -6.4951554e-03
   2.1209083e-02  -9.9232095e-02  -9.7361922e-03
  -1.2422158e-01  -1.3820574e-01  -6.3989074e-03
  -1.0422730e-01  -7.8230398e-02  -1.0368605e-02
  -1.7652026e-01  -1.3030796e-01  -1.0494905e-02
  -1.5493238e-01  -1.1600643e-01  -9.3193038e-03
  -1.5792107e-01  -1.6443250e-01  -4.5439399e-03
   5.0839416e-02  -1.0576575e-01  -7.6342617e-03
  -5.9249918e-02  -1.2121351e-01  -7.1484735e-03
  -1.6362525e-02  -1.4417242e-01  -6.5045231e-03
  -1.0021287e-01  -1.4852215e-01  -9.4302595e-03
  -2.4735612e-01  -2.1281333e-01  -5.0858088e-03
  -2.7928320e-01  -2.3739918e-01  -9.7066380e-03
  -2.2016438e-01  -2.8198359e-01  -1.1985892e-02
  -3.2986271e-01  -2.6348220e-01  -7.0444278e-03
  -2.9554854e-01  -2.5129526e-01  -1.2156890e-02
  -1.5783067e-01  -2.0155131e-01  -3.8582334e-03
  -1.9354937e-01  -2.3119767e-01  -7.0786528e-03
  -4.4736763e-01  -2.4438382e-01  -1.1351103e-02
  -3.6046197e-01  -2.0924237e-01  -5.0290072e-03
  -2.7141481e-01  -1.7068043e-01  -5.5760658e-03
   1.2243849e-01  -1.5254614e-01  -4.8812373e-03
  -7.9482439e-02  -1.0717610e-01  -8.3262794e-03
  -1.6959442e-01  -1.4057154e-01  -7.5145977e-03
  -2.1605817e-01  -1.7513837e-01  -3.8123948e-03
  -2.5641939e-01  -1.7162514e-01  -3.4161564e-03
  -6.0906385e-02  -1.7539775e-01  -1.8026796e-03
  -1.2623308e-01  -1.8262366e-01   4.3429951e-04
  -1.5829156e-01  -1.4293268e-01   1.7479394e-04
  -8.1687511e-02  -1.3217725e-01  -5.7066628e-03
  -1.6441182e-01  -1.1777464e-01   1.5817020e-03
  -2.3715853e-01  -5.4960537e-02   3.6646520e-04
  -6.7115233e-02  -5.5618552e-02  -7.4556734e-05
  -2.9825368e-02  -5.8494278e-02   3.0817455e-03
  -9.9577799e-02  -3.8228738e-02  -4.3862799e-03
  -1.0742816e-01  -3.8284899e-02   1.6104008e-03
  -3.7999914e-02   1.2311883e-02  -8.2290080e-04
   2.0001151e-01  -7.6221122e-03   1.8382341e-03
   3.1865100e-02   1.8190125e-02  -2.9853200e-03
   6.5766248e-02   3.6974956e-02   2.9946861e-03
   8.3442860e-02   2.6979750e-02   1.8574834e-03
   3.2973382e-02   6.0237574e-02   4.0344679e-03
   6.0697854e-02   3.3472505e-02   1.0959020e-02
   1.0697276e-01   4.5076121e-02   1.8230759e-03
   2.5891715e-02   5.0294077e-02  -1.5208536e-03
   1.5740251e-02   7.5847188e-02   1.1035468e-02
   1.0333057e-01   9.8936946e-02   1.0119260e-02
   1.3115039e-01   9.5303221e-02   9.3936262e-03
   1.7093070e-01   1.0974396e-01   1.0188503e-02
   1.2247739e-01   1.3653386e-01   5.1669920e-03
   1.4481883e-01   1.6679248e-01   9.4353496e-03
   1.8696811e-01   1.7648649e-01   1.1020142e-02
   1.4951569e-01   1.5390792e-01   1.1699437e-02
   5.6571208e-02   1.2886271e-01   7.3344007e-03
   5.8718543e-02   1.3770661e-01   1.2966802e-02
   2.1582133e-01   1.9250884e-01   3.5919917e-03
   2.3808468e-01   1.9661645e-01   1.0629706e-02
   2.3632731e-01   2.0853710e-01   7.8642339e-03
   3.8666946e-01   2.6467337e-01   6.9327862e-03
   2.1228276e-01   2.5163918e-01   1.0910061e-02
   3.6208050e-01   2.4395778e-01   8.3896972e-03
   3.6020268e-01   2.3651834e-01   1.0773627e-02
   2.0377794e-02   2.0801907e-01   4.1577727e-03
   2.3878140e-01   2.0821239e-01   6.5613522e-03
   2.2045587e-01   2.3682095e-01   4.7132914e-03
   1.3598661e-01   2.1633961e-01   1.0368774e-02
   2.9219044e-01   2.3251091e-01   8.5671115e-03
   3.4936169e-01   2.1556463e-01   7.6198722e-03
   4.6424708e-01   1.9742179e-01   2.6160549e-03
  -5.6788073e-02   1.8348078e-01   7.8945779e-03
   1.7171274e-01   1.4010801e-01   7.2787837e-03
   1.6307312e-01   1.5145956e-01   3.4011638e-03
   2.3155757e-01   1.3488269e-01   1.0575369e-02
   2.7755335e-01   1.4666112e-01   1.6115490e-03
   1.7162437e-01   1.4017937e-01   5.1739382e-03
   1.0239010e-01   1.5120440e-01   4.0325086e-03
   1.6228595e-01   1.2680674e-01   7.1289631e-03
   6.6335375e-02   9.6291984e-02   6.0863726e-03
  -5.8888838e-02   8.7959307e-02  -3.1572800e-03
   2.0165366e-01   8.5608545e-02   2.1609896e-03
   2.5952140e-01   9.8585057e-02  -6.3912931e-04
   2.3766232e-01   4.3672727e-02  -2.0816249e-04
   8.1111230e-02   3.7139657e-02   8.0685838e-04
   5.3113714e-02  -1.6883318e-02  -6.0764973e-03
  -3.1660090e-02   7.9128156e-03  -3.8026121e-03
  -6.5203941e-02   1.2965566e-02  -4.0691647e-03
  -1.1475009e-01  -5.0229221e-02  -1.6150878e-03
   1.2627038e-01  -9.6569230e-02  -6.4608999e-03
   7.0118713e-03  -7.2182294e-02  -1.1574989e-03
  -5.9152080e-02  -1.1044425e-01  -4.4313725e-03
  -1.6896207e-01  -1.0637195e-01  -6.9694674e-03
   3.6884449e-02  -8.0532518e-02  -4.8624076e-03
   7.2244613e-02  -9.2468819e-02  -3.4764365e-03
  -3.8283190e-02  -7.5109184e-02  -1.0273524e-02
  -2.6880734e-01  -1.6170933e-01  -1.0849611e-02
  -2.1549129e-01  -1.3653071e-01  -8.8912560e-03
  -2.3910461e-01  -1.3208751e-01  -1.1196123e-02
  -4.2125602e-02  -6.8807429e-02  -5.2817090e-03
  -1.2936917e-01  -5.0833354e-02  -1.0474736e-02
   6.3811384e-02  -1.0219222e-01  -1.0187853e-02
  -7.8169831e-02  -8.9169628e-02  -8.5901292e-03
  -1.2234434e-01  -9.5864544e-02  -8.9809940e-03
  -1.1332618e-01  -2.6160497e-02  -1.1115600e-02
   1.9068701e-01  -7.7890430e-03  -1.1668568e-02
   1.2688801e-01  -4.9513975e-02  -7.6052864e-03
  -8.1362337e-02  -8.8660011e-02  -6.0337778e-03
  -1.6072736e-01  -1.3486774e-01  -7.3447136e-03
  -2.5744060e-01  -8.3017423e-02  -8.4599656e-03
  -1.1398347e-01  -1.1505068e-01  -1.1614449e-02
  -1.9979690e-01  -1.2539381e-01  -2.5711473e-03
  -2.3746738e-01  -1.5772027e-01  -7.0743995e-03
  -3.7214386e-01  -1.6600827e-01  -9.8561861e-03
  -1.0913701e-01  -1.4132971e-01  -9.6323680e-03
  -2.3607194e-01  -1.5948429e-01  -1.5145953e-03
  -1.1993684e-01  -1.2609786e-01  -1.0720836e-02
  -8.8004759e-02  -1.4238277e-01  -1.1252508e-02
  -2.5051558e-02  -1.2121652e-01  -3.2146526e-03
  -1.1316178e-01  -1.1950299e-01  -1.1113340e-02
  -8.5331513e-02  -1.2060287e-01  -2.2226495e-03
  -1.3174088e-01  -1.3936321e-01  -4.8120228e-03
  -2.1564443e-01  -1.4626171e-01  -8.3143487e-03
  -1.3301865e-01  -1.1619093e-01  -7.7163565e-03
  -2.6492923e-01  -1.5153315e-01  -6.3868959e-03
  -7.0111942e-02  -1.5458272e-01  -6.3910251e-03
  -1.0678164e-01  -1.6931920e-01  -2.1882919e-03
  -3.3282017e-01  -1.9271351e-01   7.2116247e-05
  -4.0498277e-01  -1.7361873e-01  -2.1336133e-03
   1.8453092e-01  -8.7543416e-02  -2.0660770e-03
  -6.9694478e-02  -1.4004572e-01   3.9358781e-04
  -1.2297449e-01  -1.1196288e-01   3.3469419e-03
  -4.4928607e-03  -6.4410122e-02  -1.2056975e-03
   2.1736993e-02  -6.6974072e-02  -6.1793480e-03
  -5.0061420e-02  -1.4705130e-01   2.2780751e-03
  -7.5192222e-02  -1.1528467e-01   2.6026348e-03
  -1.5066063e-01  -8.0676663e-02  -2.7698665e-03
  -1.7304295e-01  -1.1647597e-01  -3.0834923e-05
  -4.6825003e-02  -7.5235855e-02  -2.3585352e-03
  -1.9662251e-01  -8.6346759e-02   6.8667002e-03
  -2.0878402e-01  -8.2368096e-02   3.5389780e-03
  -9.2437402e-02  -1.0773776e-01   1.1786074e-03
  -2.2152392e-01  -1.1130999e-01   9.2804268e-03
  -4.1038449e-02  -8.3927495e-02   7.2890829e-03
  -1.0425369e-01  -9.9867674e-02   5.5052647e-03
  -8.0946659e-02  -6.9813096e-02   9.7922925e-03
   5.6878848e-02   8.1613462e-03   6.9638273e-03
  -3.7365474e-02   2.2439030e-02   6.1681509e-03
   9.9882966e-02   3.6462324e-02  -1.7253540e-04
   9.9780340e-02   7.6217531e-02   9.3594166e-03
  -6.0291261e-02   9.9680033e-02   7.9900399e-03
   1.2456397e-01   1.6264963e-01   9.7346941e-03
   6.7480832e-02   1.7242590e-01   9.2030878e-03
   1.2864322e-01   1.4273411e-01   9.2583949e-03
   1.6875790e-01   1.2035617e-01   6.1160516e-03
   1.1348482e-01   1.1457534e-01   9.9786784e-03
   5.8269925e-02   7.5445210e-02   1.1502225e-02
   1.1622872e-01   7.0355567e-02   1.1556657e-02
   1.8390516e-03   2.0164880e-02   1.1136149e-02
  -2.1136992e-02   4.3035673e-02   1.0047544e-02
   1.9883658e-01   5.9350632e-02   1.2754087e-02
   9.5396360e-02   1.0451028e-01   9.3760425e-03
   1.0810087e-01   1.2122027e-01   9.9003065e-03
   3.1249356e-01   1.6974822e-01   4.0154931e-03
   2.6231058e-01   1.9623342e-01   1.1846877e-02
  -4.5085826e-02   1.9317724e-01   1.2279083e-02
   2.4325300e-01   1.8639803e-01   1.4302391e-02
   2.6091356e-01   1.9789963e-01   3.2457419e-03
   2.0606521e-01   2.1922263e-01   4.2275127e-03
   2.0246135e-01   2.3152477e-01   1.1917196e-02
   2.7393099e-01   2.0940194e-01   8.5788159e-03
   1.7256038e-01   2.3736663e-01   7.8580172e-03
   1.3364035e-01   2.1150235e-01   1.6893775e-03
   1.1437974e-01   2.5547328e-01   1.0450510e-02
   9.4082050e-03   2.1881725e-01   4.3670587e-03
   3.1314594e-01   2.1104524e-01   9.7211497e-03
   2.1024143e-01   1.4215332e-01   5.2027005e-03
  -4.3017720e-02   1.1036421e-01   1.3326716e-03
   1.0510140e-01   1.2113766e-01   2.0227659e-03
   3.3200245e-01   1.6404022e-01  -5.4280408e-03
   2.7410334e-02   1.0996912e-01   3.1501360e-04
   2.3175726e-01   1.1415012e-01   1.9312250e-05
   7.5772369e-02   9.9519676e-02  -1.7658354e-03
  -4.7747704e-02   7.7755999e-02   2.2317500e-03
  -2.6766352e-02   3.8419765e-02  -4.0838750e-03
  -9.2058075e-02   1.8535055e-02   2.1847394e-03
  -1.1796954e-01  -2.2276399e-02  -2.9445224e-03
   5.9462221e-02  -5.3772928e-02   2.8615920e-03
   3.1048036e-03  -5.7963962e-03   2.3792483e-03
   1.0940407e-02  -4.9502925e-03   1.5823420e-03
   2.4155311e-01  -1.7048083e-02  -1.9500871e-03
   3.3281528e-01   7.6720152e-02  -2.1501049e-03
   4.2963225e-02   7.4030888e-02  -3.2388087e-03
   6.7544754e-02   1.0958009e-01  -4.0743519e-03
   1.2031436e-01   1.3392680e-01  -6.8083164e-03
   5.5980434e-02   3.2217562e-02  -1.0059314e-02
  -9.8037106e-02  -1.1761339e-03  -4.6741758e-03
   2.5131627e-02   2.8218350e-02  -1.1833859e-02
   1.4942579e-01   4.7246750e-02  -7.7823682e-03
  -5.8453332e-03   1.8732238e-02  -1.4642524e-02
  -1.6094227e-01  -2.1273287e-02  -9.1041106e-03
   1.3536531e-01  -1.3111381e-02  -5.1348478e-03
  -7.5094723e-02  -2.0196337e-02  -1.0931775e-02
  -5.4274759e-02   1.5460853e-02  -1.3970964e-02
   1.0666794e-01  -3.4420387e-02  -8.2569550e-03
  -5.6176830e-02  -6.0386563e-02  -9.1644526e-03
  -1.5763941e-01  -9.1489635e-02  -8.8317435e-03
   2.3774450e-02  -7.4164930e-02  -1.4314497e-02
  -8.7380152e-02  -9.5877758e-02  -8.1462864e-03
  -1.4516149e-02  -6.7867042e-03  -8.5360381e-03
   4.2082184e-02  -7.9130540e-03  -7.7761591e-03
  -2.3579371e-01  -4.9853391e-02  -1.1389098e-02
  -7.1697675e-02  -3.4820028e-02  -1.2412630e-02
  -6.8226092e-02  -3.7687766e-02  -1.1394489e-02
  -2.1526596e-02  -5.0629965e-02  -9.9229704e-03
   4.2088241e-02  -2.4399676e-02  -9.3492138e-03
   3.1538224e-02  -1.7280008e-02  -6.9756406e-03
  -1.0160319e-02  -2.0698114e-02  -4.4198651e-03
  -6.0698582e-02  -2.3414742e-02  -1.0228627e-02
  -1.5164120e-01  -7.7494336e-02  -6.7609242e-03
   1.6203504e-01  -8.3720470e-02  -5.2772347e-03
   2.6784600e-02  -8.8598830e-02  -2.8910176e-03
  -1.1301033e-01  -1.1497308e-01  -5.7989579e-03
  -9.1904681e-03  -1.1040124e-01  -2.2227097e-03
  -7.3528595e-02  -1.1275228e-01  -9.9757489e-03
  -9.1152177e-02  -1.1557446e-01  -9.4771057e-03
  -2.0859054e-01  -5.6249519e-02  -7.0661241e-03
  -2.0033154e-01  -8.0854086e-02  -2.5242610e-03
   1.7442575e-02  -7.4176934e-02  -7.8537913e-03
  -5.3980618e-02  -6.8506119e-02  -6.6080376e-03
  -8.6627567e-02  -1.0498357e-01   1.6100957e-03
  -4.6444675e-02  -1.3026163e-01  -7.0159372e-04
  -2.7813389e-01  -1.5145004e-01   2.3919502e-03
  -3.1677002e-01  -1.4083244e-01  -2.1167727e-03
  -2.4809067e-01  -1.3938347e-01  -2.1066954e-04
